trial_timestamp,dataset,prompt_type,model,config_n,config_k,config_q,run_id,query_index_within_episode,support_indices,query_dataset_index,expected_label,predicted_label,correct,error,warning,parse_issue,system_fallback_applied,trial_wall_seconds,latency_seconds,response_id,finish_reason,usage_prompt_tokens,usage_completion_tokens,usage_total_tokens,provider,episode_filepath,class_options,class_id_map,image_refs,prompt_hash,message_preview,sent_prompt_hash,sent_message_preview,artifact_dir,conversation_log_path,raw_response_text
2026-04-28T02:22:28.108062+02:00,pets,nle,meta-llama/llama-4-scout,3,1,1,0,0,"[1762, 454, 1385]",1793,35,35,1,,,,0,3.1261,2.7078,gen-1777335748-RtOptXVtYPkpVbNYgnuc,stop,974,117,1091,"""DeepInfra""",episodes/seed_42/pets/episode_N3_K1_Q1_run0.npy,"[""35"", ""9"", ""27""]","{""35"": ""Wheaten Terrier"", ""9"": ""British Shorthair"", ""27"": ""Russian Blue""}","[{""kind"": ""support"", ""dataset_index"": 1762, ""order_index"": 1}, {""kind"": ""support"", ""dataset_index"": 454, ""order_index"": 2}, {""kind"": ""support"", ""dataset_index"": 1385, ""order_index"": 3}, {""kind"": ""query"", ""dataset_index"": 1793, ""order_index"": 1}]",52e1ce794849d700,"[{""role"": ""system"", ""content"": ""# TASK\n1. Analyze the provided labeled examples to identify the observable visual features that distinguish each class.\n2. Examine the Query Image and compare it strictly against the provided examples.\n3. Determine which label from the provided options best matches the Query Image.\n\n# INSTRUCTIONS\n- Base your decision only on observable visual evidence in the examples and the Query Image.\n- Use the examples to infer discriminative visual patterns for each class.\n- Do not use external world knowledge, hidden assumptions, or speculative attributes.\n- Use only labels from the provided final options list.\n- Choose exactly one final label.\n- Output only the requested XML tags and not any aditional ones.\n- Do not output any text outside the XML tags.\n- Follow the condition-specific XML blocks first, then output exactly one final <response> block.\n- The final line of the entire answer must be <response>final_class</response>.\n- Never omit the final <response> block, even when another explanation block is required.\n\nWrite a concise natural language explanation grounded only in observable visual evidence.\n\n<explanation>\nBrief explanation of why the visual evidence supports the selected class.\n</explanation>\n\n<response>final_class</response>\n\nThe content of <response> must be exactly one label copied verbatim from the provided options list.""}, {""role"": ""user"", ""content"": [{""type"": ""text"", ""text"": ""What is the class of this image?""}, {""type"": ""image_url"", ""url_kind"": ""data_uri"", ""length"": 11095}]}, {""role"": ""assistant"", ""content"": ""<response>35</response>""}, {""role"": ""user"", ""content"": [{""type"": ""text"", ""text"": ""What is the class of this image?""}, {""type"": ""image_url"", ""url_kind"": ""data_uri"", ""length"": 6479}]}, {""role"": ""assistant"", ""content"": ""<response>9</response>""}, {""role"": ""user"", ""content"": [{""type"": ""text"", ""text"": ""What is the class of this image?""}, {""type"": ""image_url"", ""url_kind"": ""data_uri"", ""length"": 14827}]}, {""role"": ""assistant"", ""content"": ""<response>27</response>""}, {""role"": ""user"", ""content"": [{""type"": ""text"", ""text"": ""Query Image:\nClassify this image using only the labeled examples above.\nValid labels: [35, 9, 27]\nFollow the exact XML structure required by the system instructions.""}, {""type"": ""image_url"", ""url_kind"": ""data_uri"", ""length"": 13259}]}]",52e1ce794849d700,"[{""role"": ""system"", ""content"": ""# TASK\n1. Analyze the provided labeled examples to identify the observable visual features that distinguish each class.\n2. Examine the Query Image and compare it strictly against the provided examples.\n3. Determine which label from the provided options best matches the Query Image.\n\n# INSTRUCTIONS\n- Base your decision only on observable visual evidence in the examples and the Query Image.\n- Use the examples to infer discriminative visual patterns for each class.\n- Do not use external world knowledge, hidden assumptions, or speculative attributes.\n- Use only labels from the provided final options list.\n- Choose exactly one final label.\n- Output only the requested XML tags and not any aditional ones.\n- Do not output any text outside the XML tags.\n- Follow the condition-specific XML blocks first, then output exactly one final <response> block.\n- The final line of the entire answer must be <response>final_class</response>.\n- Never omit the final <response> block, even when another explanation block is required.\n\nWrite a concise natural language explanation grounded only in observable visual evidence.\n\n<explanation>\nBrief explanation of why the visual evidence supports the selected class.\n</explanation>\n\n<response>final_class</response>\n\nThe content of <response> must be exactly one label copied verbatim from the provided options list.""}, {""role"": ""user"", ""content"": [{""type"": ""text"", ""text"": ""What is the class of this image?""}, {""type"": ""image_url"", ""url_kind"": ""data_uri"", ""length"": 11095}]}, {""role"": ""assistant"", ""content"": ""<response>35</response>""}, {""role"": ""user"", ""content"": [{""type"": ""text"", ""text"": ""What is the class of this image?""}, {""type"": ""image_url"", ""url_kind"": ""data_uri"", ""length"": 6479}]}, {""role"": ""assistant"", ""content"": ""<response>9</response>""}, {""role"": ""user"", ""content"": [{""type"": ""text"", ""text"": ""What is the class of this image?""}, {""type"": ""image_url"", ""url_kind"": ""data_uri"", ""length"": 14827}]}, {""role"": ""assistant"", ""content"": ""<response>27</response>""}, {""role"": ""user"", ""content"": [{""type"": ""text"", ""text"": ""Query Image:\nClassify this image using only the labeled examples above.\nValid labels: [35, 9, 27]\nFollow the exact XML structure required by the system instructions.""}, {""type"": ""image_url"", ""url_kind"": ""data_uri"", ""length"": 13259}]}]",datasets/pets/nle/N3_K1_Q1/run_0,datasets/pets/nle/N3_K1_Q1/run_0/conversations.jsonl,"<explanation>
The query image features a small, tan-colored dog with a shaggy coat, which is similar to the dog in the labeled example 35. The dog's fur texture, color, and body size are consistent with this class. In contrast, examples 9 and 27 depict cats, which have distinct physical characteristics such as ears, eyes, and body shape that do not match the query image. Therefore, the observable visual features of the query image align with those of the labeled example 35.
</explanation>

<response>35</response>"
2026-04-28T02:22:31.278944+02:00,pets,nle,meta-llama/llama-4-scout,3,1,1,0,1,"[1762, 454, 1385]",455,9,9,1,,,,0,2.6294,2.1672,gen-1777335751-OBBpqOBmYKPfCDxWr4Yf,stop,974,101,1075,"""DeepInfra""",episodes/seed_42/pets/episode_N3_K1_Q1_run0.npy,"[""35"", ""9"", ""27""]","{""35"": ""Wheaten Terrier"", ""9"": ""British Shorthair"", ""27"": ""Russian Blue""}","[{""kind"": ""support"", ""dataset_index"": 1762, ""order_index"": 1}, {""kind"": ""support"", ""dataset_index"": 454, ""order_index"": 2}, {""kind"": ""support"", ""dataset_index"": 1385, ""order_index"": 3}, {""kind"": ""query"", ""dataset_index"": 455, ""order_index"": 1}]",1a86eabacf143a6c,"[{""role"": ""system"", ""content"": ""# TASK\n1. Analyze the provided labeled examples to identify the observable visual features that distinguish each class.\n2. Examine the Query Image and compare it strictly against the provided examples.\n3. Determine which label from the provided options best matches the Query Image.\n\n# INSTRUCTIONS\n- Base your decision only on observable visual evidence in the examples and the Query Image.\n- Use the examples to infer discriminative visual patterns for each class.\n- Do not use external world knowledge, hidden assumptions, or speculative attributes.\n- Use only labels from the provided final options list.\n- Choose exactly one final label.\n- Output only the requested XML tags and not any aditional ones.\n- Do not output any text outside the XML tags.\n- Follow the condition-specific XML blocks first, then output exactly one final <response> block.\n- The final line of the entire answer must be <response>final_class</response>.\n- Never omit the final <response> block, even when another explanation block is required.\n\nWrite a concise natural language explanation grounded only in observable visual evidence.\n\n<explanation>\nBrief explanation of why the visual evidence supports the selected class.\n</explanation>\n\n<response>final_class</response>\n\nThe content of <response> must be exactly one label copied verbatim from the provided options list.""}, {""role"": ""user"", ""content"": [{""type"": ""text"", ""text"": ""What is the class of this image?""}, {""type"": ""image_url"", ""url_kind"": ""data_uri"", ""length"": 11095}]}, {""role"": ""assistant"", ""content"": ""<response>35</response>""}, {""role"": ""user"", ""content"": [{""type"": ""text"", ""text"": ""What is the class of this image?""}, {""type"": ""image_url"", ""url_kind"": ""data_uri"", ""length"": 6479}]}, {""role"": ""assistant"", ""content"": ""<response>9</response>""}, {""role"": ""user"", ""content"": [{""type"": ""text"", ""text"": ""What is the class of this image?""}, {""type"": ""image_url"", ""url_kind"": ""data_uri"", ""length"": 14827}]}, {""role"": ""assistant"", ""content"": ""<response>27</response>""}, {""role"": ""user"", ""content"": [{""type"": ""text"", ""text"": ""Query Image:\nClassify this image using only the labeled examples above.\nValid labels: [35, 9, 27]\nFollow the exact XML structure required by the system instructions.""}, {""type"": ""image_url"", ""url_kind"": ""data_uri"", ""length"": 9219}]}]",1a86eabacf143a6c,"[{""role"": ""system"", ""content"": ""# TASK\n1. Analyze the provided labeled examples to identify the observable visual features that distinguish each class.\n2. Examine the Query Image and compare it strictly against the provided examples.\n3. Determine which label from the provided options best matches the Query Image.\n\n# INSTRUCTIONS\n- Base your decision only on observable visual evidence in the examples and the Query Image.\n- Use the examples to infer discriminative visual patterns for each class.\n- Do not use external world knowledge, hidden assumptions, or speculative attributes.\n- Use only labels from the provided final options list.\n- Choose exactly one final label.\n- Output only the requested XML tags and not any aditional ones.\n- Do not output any text outside the XML tags.\n- Follow the condition-specific XML blocks first, then output exactly one final <response> block.\n- The final line of the entire answer must be <response>final_class</response>.\n- Never omit the final <response> block, even when another explanation block is required.\n\nWrite a concise natural language explanation grounded only in observable visual evidence.\n\n<explanation>\nBrief explanation of why the visual evidence supports the selected class.\n</explanation>\n\n<response>final_class</response>\n\nThe content of <response> must be exactly one label copied verbatim from the provided options list.""}, {""role"": ""user"", ""content"": [{""type"": ""text"", ""text"": ""What is the class of this image?""}, {""type"": ""image_url"", ""url_kind"": ""data_uri"", ""length"": 11095}]}, {""role"": ""assistant"", ""content"": ""<response>35</response>""}, {""role"": ""user"", ""content"": [{""type"": ""text"", ""text"": ""What is the class of this image?""}, {""type"": ""image_url"", ""url_kind"": ""data_uri"", ""length"": 6479}]}, {""role"": ""assistant"", ""content"": ""<response>9</response>""}, {""role"": ""user"", ""content"": [{""type"": ""text"", ""text"": ""What is the class of this image?""}, {""type"": ""image_url"", ""url_kind"": ""data_uri"", ""length"": 14827}]}, {""role"": ""assistant"", ""content"": ""<response>27</response>""}, {""role"": ""user"", ""content"": [{""type"": ""text"", ""text"": ""Query Image:\nClassify this image using only the labeled examples above.\nValid labels: [35, 9, 27]\nFollow the exact XML structure required by the system instructions.""}, {""type"": ""image_url"", ""url_kind"": ""data_uri"", ""length"": 9219}]}]",datasets/pets/nle/N3_K1_Q1/run_0,datasets/pets/nle/N3_K1_Q1/run_0/conversations.jsonl,"<explanation>
The query image shows a gray cat with yellow eyes lying on a chair with a striped cushion. This image is most similar to the labeled example of class 9, which also features a gray cat. The cat's color, eye color, and posture are consistent with this class. There are no dogs in the image, which rules out class 35, and the setting and presence of a cat rule out class 27.
</explanation>

<response>9</response>"
2026-04-28T02:22:33.955558+02:00,pets,nle,meta-llama/llama-4-scout,3,1,1,0,2,"[1762, 454, 1385]",1392,27,9,0,,,,0,1.8366,1.3251,gen-1777335753-IvoBrY1WVi8ya5X6QcQE,stop,974,59,1033,"""DeepInfra""",episodes/seed_42/pets/episode_N3_K1_Q1_run0.npy,"[""35"", ""9"", ""27""]","{""35"": ""Wheaten Terrier"", ""9"": ""British Shorthair"", ""27"": ""Russian Blue""}","[{""kind"": ""support"", ""dataset_index"": 1762, ""order_index"": 1}, {""kind"": ""support"", ""dataset_index"": 454, ""order_index"": 2}, {""kind"": ""support"", ""dataset_index"": 1385, ""order_index"": 3}, {""kind"": ""query"", ""dataset_index"": 1392, ""order_index"": 1}]",dee6e5f63bfaf859,"[{""role"": ""system"", ""content"": ""# TASK\n1. Analyze the provided labeled examples to identify the observable visual features that distinguish each class.\n2. Examine the Query Image and compare it strictly against the provided examples.\n3. Determine which label from the provided options best matches the Query Image.\n\n# INSTRUCTIONS\n- Base your decision only on observable visual evidence in the examples and the Query Image.\n- Use the examples to infer discriminative visual patterns for each class.\n- Do not use external world knowledge, hidden assumptions, or speculative attributes.\n- Use only labels from the provided final options list.\n- Choose exactly one final label.\n- Output only the requested XML tags and not any aditional ones.\n- Do not output any text outside the XML tags.\n- Follow the condition-specific XML blocks first, then output exactly one final <response> block.\n- The final line of the entire answer must be <response>final_class</response>.\n- Never omit the final <response> block, even when another explanation block is required.\n\nWrite a concise natural language explanation grounded only in observable visual evidence.\n\n<explanation>\nBrief explanation of why the visual evidence supports the selected class.\n</explanation>\n\n<response>final_class</response>\n\nThe content of <response> must be exactly one label copied verbatim from the provided options list.""}, {""role"": ""user"", ""content"": [{""type"": ""text"", ""text"": ""What is the class of this image?""}, {""type"": ""image_url"", ""url_kind"": ""data_uri"", ""length"": 11095}]}, {""role"": ""assistant"", ""content"": ""<response>35</response>""}, {""role"": ""user"", ""content"": [{""type"": ""text"", ""text"": ""What is the class of this image?""}, {""type"": ""image_url"", ""url_kind"": ""data_uri"", ""length"": 6479}]}, {""role"": ""assistant"", ""content"": ""<response>9</response>""}, {""role"": ""user"", ""content"": [{""type"": ""text"", ""text"": ""What is the class of this image?""}, {""type"": ""image_url"", ""url_kind"": ""data_uri"", ""length"": 14827}]}, {""role"": ""assistant"", ""content"": ""<response>27</response>""}, {""role"": ""user"", ""content"": [{""type"": ""text"", ""text"": ""Query Image:\nClassify this image using only the labeled examples above.\nValid labels: [35, 9, 27]\nFollow the exact XML structure required by the system instructions.""}, {""type"": ""image_url"", ""url_kind"": ""data_uri"", ""length"": 7875}]}]",dee6e5f63bfaf859,"[{""role"": ""system"", ""content"": ""# TASK\n1. Analyze the provided labeled examples to identify the observable visual features that distinguish each class.\n2. Examine the Query Image and compare it strictly against the provided examples.\n3. Determine which label from the provided options best matches the Query Image.\n\n# INSTRUCTIONS\n- Base your decision only on observable visual evidence in the examples and the Query Image.\n- Use the examples to infer discriminative visual patterns for each class.\n- Do not use external world knowledge, hidden assumptions, or speculative attributes.\n- Use only labels from the provided final options list.\n- Choose exactly one final label.\n- Output only the requested XML tags and not any aditional ones.\n- Do not output any text outside the XML tags.\n- Follow the condition-specific XML blocks first, then output exactly one final <response> block.\n- The final line of the entire answer must be <response>final_class</response>.\n- Never omit the final <response> block, even when another explanation block is required.\n\nWrite a concise natural language explanation grounded only in observable visual evidence.\n\n<explanation>\nBrief explanation of why the visual evidence supports the selected class.\n</explanation>\n\n<response>final_class</response>\n\nThe content of <response> must be exactly one label copied verbatim from the provided options list.""}, {""role"": ""user"", ""content"": [{""type"": ""text"", ""text"": ""What is the class of this image?""}, {""type"": ""image_url"", ""url_kind"": ""data_uri"", ""length"": 11095}]}, {""role"": ""assistant"", ""content"": ""<response>35</response>""}, {""role"": ""user"", ""content"": [{""type"": ""text"", ""text"": ""What is the class of this image?""}, {""type"": ""image_url"", ""url_kind"": ""data_uri"", ""length"": 6479}]}, {""role"": ""assistant"", ""content"": ""<response>9</response>""}, {""role"": ""user"", ""content"": [{""type"": ""text"", ""text"": ""What is the class of this image?""}, {""type"": ""image_url"", ""url_kind"": ""data_uri"", ""length"": 14827}]}, {""role"": ""assistant"", ""content"": ""<response>27</response>""}, {""role"": ""user"", ""content"": [{""type"": ""text"", ""text"": ""Query Image:\nClassify this image using only the labeled examples above.\nValid labels: [35, 9, 27]\nFollow the exact XML structure required by the system instructions.""}, {""type"": ""image_url"", ""url_kind"": ""data_uri"", ""length"": 7875}]}]",datasets/pets/nle/N3_K1_Q1/run_0,datasets/pets/nle/N3_K1_Q1/run_0/conversations.jsonl,"<explanation>
The query image depicts a gray cat lying down on a table, which shares similar visual features with the labeled example of class 9. Both images show a gray cat with a similar body structure and coloration. 
</explanation>

<response>9</response>"
